TaxID
1035495
1035496
1053277
1089265
1105128
1105129
114796
1191432
1193083
1262060
1279102
1280077
128124
128131
12993
13093
13108
1345087
135523
1366059
1484298
1538291
154958
154962
1577631
1585943
1604653
1631756
166266
168710
168717
168718
168722
168723
168724
168729
168732
168735
168738
168739
168742
168745
168749
168753
168759
168762
168763
168767
168769
168771
168775
168779
168783
168787
168794
168796
168799
1699629
1705789
1755686
1769400
1769404
1769407
1769408
1769409
1769410
1769411
1769412
1769415
1769417
1792614
1792615
1792616
1793163
1840506
184213
1843190
1843191
1843192
1843194
1843195
1843196
1843197
1843198
1843199
1843202
1843204
1843205
1843213
1843214
1843215
1843216
1843217
1843218
1843219
1843220
1843506
1843705
185004
1890235
1911418
1911533
1911534
1911535
1911944
1914956
1914958
1914961
1954230
1962980
1962981
2035841
2039474
2039478
2039479
2039480
2039481
2039483
2053072
2053073
2053074
2053075
2053076
2053077
2053084
2053085
2053086
2053087
2053088
2053089
2053090
2053091
2053092
2053094
2053095
2053096
2053097
2053098
2053099
2053100
2053101
2053102
2053103
2053104
2053105
2053106
2053107
2053108
2053109
2053110
2053111
2053113
2053114
2053117
2069908
2071996
2099340
2099341
2099342
2099343
2099344
2099345
2099346
2099347
2099350
2099354
2099355
2099358
2099360
2099362
214114
2169487
2176021
2176022
2176024
237412
237413
2528354
256004
2591198
2591199
2591200
2606404
264050
264052
264055
264058
264059
264060
264061
264064
264068
264071
264121
264146
2658587
269554
2721090
2722935
2744037
2744293
2744294
2744295
2747904
2751894
2758538
2758539
2764089
2770516
27804
2794042
2794043
2829236
2830237
2830241
2830243
2830245
2830249
2830253
2830255
2830259
2830261
2831494
2831496
2831497
2831499
2837385
2867955
2876032
2941211
2942227
2962497
2997216
2997248
2997249
2997254
2997256
308567
308570
308571
308574
308579
308585
308591
308597
308600
308602
308604
308610
308616
308619
308621
308622
308623
308662
308667
313498
313503
313506
314508
314522
314579
316177
316183
316191
316203
316211
316222
316235
322594
323299
323302
323307
323310
323323
323326
323328
323329
323330
323333
323337
323338
323339
323341
32570
329739
336980
340365
343954
35630
367903
367905
367907
367909
367911
367912
367914
367916
367925
367927
37519
37520
37524
37531
400838
401949
401951
401965
401966
401968
401975
413645
413647
446531
446532
446533
446534
446535
446536
446537
446538
446539
446540
446541
446542
446543
446544
446545
446546
446547
45396
47071
475726
488588
492274
493927
493932
497392
497393
497394
497490
497493
497494
497498
497499
497503
497513
497870
498503
498504
498505
498506
498507
498509
498510
498511
498512
498516
498518
498520
498522
498524
498525
498527
498583
498585
498587
499907
499908
499914
500023
502945
502946
502950
502953
502955
502966
502967
502968
515652
515654
524312
524315
557761
56245
573605
576742
576744
576745
576746
576747
576748
576779
576781
578154
588336
596313
6082
6087
6100
6141
6145
6148
627715
627716
637470
645345
645347
645351
645361
645378
645382
645386
645392
654955
655709
655710
655717
655718
655719
655721
655723
655725
655730
661990
662000
662034
662074
667509
667729
672230
685041
685044
685051
686324
686327
686686
686687
686688
748776
756009
756010
78582
86043
880215
880217
880218
880219
880220
880221
880222
880224
880226
880228
880230
880232
880233
880235
880237
880239
880241
880243
880245
880252
880253
880255
880257
880259
880261
89461
944561